   0.00000   0.01500   0.04500   0.10500   0.16500   0.15500   0.15500   0.18000
   0.00000   0.01500   0.04500   0.10500   0.14500   0.15000   0.14500   0.17000
   0.00000   0.01500   0.04500   0.07500   0.12500   0.15500   0.14000   0.14500
   0.00000   0.01500   0.04500   0.05500   0.10500   0.14500   0.15000   0.14500
   0.00000   0.01500   0.05000   0.06000   0.11500   0.11500   0.14000   0.15000
   0.00000   0.01500   0.05500   0.06000   0.22000   0.13000   0.14500   0.14500
   0.00000   0.00000   0.03000   0.07000   0.29500   0.24000   0.11000   0.15000
   0.00000   0.00000   0.02000   0.08000   0.37500   0.38500   0.13000   0.15000


